92 72 107
77 61 97
84 66 108
85 57 88
81 52 95
76 54 125
86 58 88
86 59 95
89 50 84
81 62 88
84 59 92
78 50 90
85 53 91
77 55 90
80 55 84
84 50 85
79 60 95
76 57 90
76 44 89
72 44 87
77 48 91
77 46 87
78 47 93
74 45 86
82 42 85
77 46 84
81 50 85
76 61 87
77 59 92
80 52 102
77 49 87
77 47 84
71 50 83
73 47 85
79 53 90
73 51 89
70 58 87
72 55 94
70 52 88
78 56 88
64 49 89
83 52 83
73 47 90
74 52 87
66 52 85
64 45 88
69 46 85
66 45 88
68 46 90
69 47 84
71 42 87
73 48 88
71 49 86
71 44 85
70 45 83
70 40 85
75 48 82
72 50 87
83 41 85
74 42 86
67 47 85
71 48 92
67 51 85
71 38 83
76 36 84
74 50 89
75 49 86
75 60 89
75 66 92
69 51 88
71 58 90
71 52 89
73 60 104
72 60 102
71 52 101
74 62 93
74 54 88
68 49 90
72 70 97
71 53 99
73 56 90
67 44 89
78 56 86
67 53 84
76 47 81
76 50 82
80 56 80
83 57 83
79 55 86
82 60 82
80 51 80
84 49 88
84 53 87
81 53 84
84 49 85
94 56 83
80 54 81
77 63 86
84 53 84
80 55 88
86 53 83
79 52 83
89 58 84
78 56 79
105 55 87
97 60 89
106 58 97
110 58 97
100 56 96
95 46 88
108 52 93
70 54 85
71 53 86
82 48 91
75 39 83
75 46 83
79 43 82
77 43 86
78 39 83
80 45 87
79 44 84
83 42 84
83 40 86
84 36 85
82 46 86
77 44 80
74 71 84
72 51 85
79 42 82
77 47 79
82 45 82
81 46 79
81 40 82
82 40 79
81 40 80
85 41 80
70 41 77
83 42 76
90 44 80
91 30 75
82 41 79
83 36 78
83 46 77
82 57 80
76 50 77
79 51 79
79 45 81
82 44 77
82 44 80
81 41 80
88 43 81
83 45 80
83 62 87
77 53 94
80 52 85
70 48 83
76 51 85
82 45 88
85 53 86
78 46 86
80 48 80
92 47 83
86 45 84
90 41 84
85 45 83
85 37 83
89 49 84
89 47 81
88 45 80
89 37 85
94 41 83
82 43 82
84 42 81
82 36 86
89 43 79
88 42 78
90 42 86
90 41 79
84 40 82
90 50 83
88 40 86
84 41 81
83 36 81
83 39 82
98 46 78
85 42 78
83 42 84
79 39 81
101 50 79
94 49 87
91 48 95
70 37 95
82 46 85
76 42 95
83 50 84
89 42 80
94 55 80
84 42 84
83 44 81
88 47 82
86 57 90
87 55 87
99 57 91
97 52 91
97 54 88
92 56 90
91 52 93
98 50 91
96 43 95
91 51 95
94 51 83
99 56 103
96 56 100
93 56 90
97 55 89
106 61 96
91 51 101
99 59 87
94 58 94
95 59 92
100 51 92
97 50 81
99 65 90
93 54 96
95 47 89
87 41 89
99 53 91
96 59 96
98 59 94
100 46 96
95 49 97
95 51 96
95 43 92
93 57 87
91 61 97
93 53 87
82 62 92
87 48 91
88 53 93
86 51 86
77 52 85
81 50 88
85 48 84
79 48 84
86 42 90
85 56 91
80 42 85
82 45 86
86 50 89
82 49 92
81 44 80
81 44 83
83 45 104
95 54 84
88 40 82
79 49 90
88 50 84
91 56 93
73 75 95
97 60 89
95 58 107
77 65 95
81 47 88
80 62 100
88 59 93
79 52 94
83 63 92
79 52 90
80 56 87
81 51 88
79 46 83
80 55 80
85 52 89
81 46 92
82 50 86
86 71 93
84 58 91
84 48 101
81 47 86
82 45 86
84 52 86
78 47 82
82 47 87
82 43 92
103 51 96
98 59 89
85 47 92
83 45 86
82 48 87
90 46 86
84 52 85
84 50 86
81 58 84
99 56 92
78 45 80
88 46 88
87 48 78
92 56 86
83 51 86
89 47 92
102 46 89
100 48 95
92 43 86
86 46 91
79 57 98
81 42 95
93 55 96
89 53 83
101 62 99
78 46 80
80 44 86
98 45 87
78 51 83
75 47 83
78 42 87
71 47 79
76 45 87
84 46 77
73 41 78
73 42 77
80 49 80
77 42 81
76 57 85
88 45 73
84 48 75
80 47 79
83 48 75
70 39 76
75 49 85
79 48 78
74 42 83
75 41 80
79 48 77
85 42 82
77 43 80
79 42 80
76 41 80
79 35 86
78 43 76
76 55 78
77 41 82
75 48 80
76 50 76
86 55 74
75 43 79
82 50 78
67 52 78
96 57 88
84 41 83
86 58 88
87 60 91
76 41 80
74 47 79
76 43 79
71 39 79
77 45 82
69 41 76
71 38 79
76 37 80
76 43 78
68 42 78
76 42 83
71 42 81
74 42 82
80 41 81
74 45 79
81 39 80
81 41 80
85 44 71
73 44 78
72 44 78
74 43 79
76 43 79
76 46 77
71 40 79
74 46 79
73 42 76
72 38 77
76 35 73
74 41 78
90 46 80
80 43 82
78 44 78
75 42 78
71 40 77
68 40 77
74 46 79
75 52 84
75 43 74
74 41 75
82 46 79
70 45 80
68 41 79
74 41 77
75 45 79
74 38 78
75 46 79
73 46 81
72 42 80
74 47 79
73 43 78
72 40 80
83 45 84
74 46 81
70 44 72
73 43 67
70 42 69
86 59 99
71 57 85
79 57 84
79 57 86
73 58 90
74 49 89
76 50 85
76 45 83
75 44 83
71 43 79
73 43 82
73 42 84
81 44 80
72 45 81
71 44 83
75 40 82
72 41 82
77 44 84
70 42 84
72 40 81
72 40 84
73 42 84
85 43 84
74 47 80
72 47 81
72 46 83
73 42 87
72 45 80
72 45 78
80 44 80
71 39 83
73 41 75
68 40 81
71 39 79
88 38 82
77 49 89
79 42 88
79 50 84
77 44 84
73 41 84
71 41 84
68 41 79
70 42 79
73 42 76
73 42 79
70 38 73
71 39 77
78 41 79
76 42 80
78 47 80
77 46 81
74 42 78
77 47 80
79 40 82
71 44 77
83 40 83
68 50 81
68 41 79
72 42 79
72 46 78
70 45 79
73 44 79
77 46 79
81 41 79
77 45 79
76 46 86
71 42 75
76 40 79
71 43 79
71 45 79
68 40 78
73 43 76
75 45 80
74 42 83
73 47 79
71 44 75
78 45 78
71 33 84
79 48 77
79 44 86
80 42 86
77 43 81
82 56 85
89 49 95
100 60 100
85 55 88
87 48 84
81 48 88
80 47 83
85 44 84
88 52 83
79 57 87
88 63 102
82 57 94
79 60 90
89 54 86
84 53 90
88 60 89
81 48 81
84 47 85
82 56 91
77 43 87
78 48 86
84 48 82
79 42 86
74 41 83
78 49 89
76 41 85
81 42 87
72 40 85
73 44 84
75 44 86
72 41 79
74 41 79
77 44 83
77 42 87
78 49 87
76 47 87
75 43 86
78 44 85
74 45 83
77 47 81
80 50 84
75 46 85
78 43 82
81 47 82
71 60 93
73 51 89
72 56 89
74 46 91
73 52 88
72 50 84
72 45 80
76 43 83
69 45 77
74 49 83
66 44 86
72 49 82
72 46 89
70 44 86
70 43 86
72 43 84
72 41 85
69 48 83
72 51 87
71 47 85
65 45 85
70 48 87
66 43 86
71 45 86
79 42 85
67 46 82
69 46 80
71 45 81
70 46 80
70 45 83
72 46 85
69 41 82
71 56 84
73 53 84
71 48 87
75 50 84
74 48 83
74 46 80
76 47 82
71 45 84
77 46 79
75 50 83
74 45 82
77 47 86
75 44 87
75 46 85
70 45 88
76 43 85
80 51 81
73 48 86
75 50 82
82 49 89
80 70 94
86 67 96
82 63 100
84 65 89
87 51 75
84 60 89
85 59 85
85 63 91
85 67 92
93 69 99
80 59 95
90 61 90
83 61 92
82 60 98
90 66 95
89 66 95
89 60 94
89 58 92
89 61 94
88 58 109
90 54 90
87 62 94
82 63 93
84 55 89
84 61 93
85 63 90
82 66 92
84 55 89
84 61 93
85 63 90
82 66 92
88 61 87
88 61 88
79 62 90
87 52 87
90 58 89
90 54 88
88 57 87
95 57 87
90 57 87
60 61 89
85 68 90
88 64 92
83 59 91
83 63 90
83 51 89
89 57 90
86 62 91
86 61 95
88 65 95
93 54 89
97 67 96
77 64 92
89 67 96
93 63 94
91 62 98
83 65 93
84 66 93
93 67 101
90 72 90
86 67 94
88 62 88
88 67 97
86 63 90
80 66 93
86 58 98
82 65 96
82 64 93
89 53 95
91 64 93
83 60 100
81 60 93
84 60 94
97 67 97
90 65 104
86 44 96
76 68 95
92 63 100
83 57 92
75 60 92
71 69 94
76 69 92
77 67 94
81 70 92
75 68 92
79 64 90
81 64 92
77 66 90
83 67 92
79 61 92
82 61 86
80 62 93
85 60 90
80 61 90
80 59 89
87 60 101
79 70 95
76 64 94
89 57 91
85 63 91
88 57 94
91 67 87
84 61 94
86 68 93
85 64 92
88 62 88
90 68 94
87 61 92
82 57 90
76 61 91
78 58 87
90 63 87
79 64 98
82 60 89
76 61 94
78 60 94
82 58 89
89 66 97
86 55 90
80 60 92
83 63 90
94 53 86
77 59 95
84 68 97
84 67 94
80 61 96
81 63 95
86 63 90
77 65 88
87 61 94
79 65 91
70 62 93
70 58 88
87 59 91
96 60 102
74 60 89
74 59 90
74 62 87
90 63 91
92 62 95
86 58 109
73 63 87
80 57 87
78 53 87
81 55 84
95 68 101
93 65 86
96 61 90
102 52 90
93 59 94
100 62 91
94 61 95
95 61 92
89 58 86
91 58 93
94 57 91
88 59 88
90 57 89
88 59 90
90 53 87
94 59 88
93 60 91
90 60 94
99 58 94
99 66 97
92 55 86
97 60 91
95 62 88
94 62 90
94 57 90
93 57 89
90 58 90
88 58 83
86 63 93
95 59 97
91 58 93
89 56 91
93 57 86
92 63 90
90 52 89
93 48 90
87 59 90
88 55 84
93 58 86
91 59 88
95 60 89
93 55 84
91 57 85
92 53 82
93 54 87
94 55 91
93 52 80
93 56 84
77 60 94
83 62 96
82 50 86
84 61 83
82 55 86
90 56 83
89 55 83
90 58 88
92 55 84
86 55 88
90 53 85
88 56 87
93 55 86
83 67 99
83 66 95
94 67 100
85 67 93
84 62 99
76 62 94
79 62 92
72 58 100
82 58 94
78 61 90
81 59 87
86 58 94
82 59 91
73 62 91
88 53 90
75 57 95
81 65 94
83 58 103
74 60 90
72 58 89
75 61 94
76 58 91
85 56 92
80 60 91
74 59 94
82 58 90
77 62 91
80 60 96
76 62 96
76 62 95
76 57 91
77 55 92
81 60 94
75 59 93
75 56 92
71 57 91
78 57 93
72 59 98
76 58 88
74 58 94
75 56 90
87 65 92
73 59 101
74 61 91
80 57 87
80 53 91
76 58 95
76 59 93
84 65 94
78 62 102
79 47 95
79 61 91
87 58 90
89 64 97
91 64 96
87 66 97
80 56 100
79 60 91
74 63 91
75 59 91
83 56 91
82 63 95
69 59 91
69 57 94
75 59 84
79 61 95
75 59 90
74 56 90
77 60 86
81 57 89
71 56 92
75 56 90
75 55 90
75 57 88
70 56 87
75 59 91
90 53 86
98 50 85
105 63 87
107 63 90
96 57 89
96 57 93
95 58 87
94 55 87
90 57 87
92 57 86
95 59 89
90 54 89
86 58 84
88 53 94
91 57 88
93 58 89
86 51 88
100 63 96
90 63 89
87 61 95
94 61 96
89 59 88
96 61 91
98 64 94
94 61 94
89 61 89
93 60 88
95 62 91
88 59 87
86 56 89
98 57 96
101 60 91
99 60 91
97 58 90
89 54 80
95 54 85
97 60 88
92 57 90
94 59 87
89 54 84
90 57 86
91 53 85
90 60 89
98 57 88
89 57 89
91 57 93
92 59 89
88 60 90
93 57 93
85 56 87
94 59 86
84 52 91
95 60 93
89 59 90
95 56 90
90 74 114
84 70 103
86 72 100
85 70 103
88 65 99
81 70 99
90 76 102
82 65 95
88 52 101
83 60 95
95 62 93
92 57 89
80 58 92
86 64 87
82 54 92
93 60 89
86 66 95
87 52 87
88 62 90
83 75 96
80 64 92
84 67 92
80 64 93
81 64 97
79 65 93
87 58 93
85 57 93
72 56 92
78 55 85
73 56 90
74 56 87
83 57 89
85 49 84
82 56 89
87 57 89
70 53 84
88 55 91
76 49 83
85 49 90
81 52 81
79 62 90
88 63 90
90 66 89
84 63 88
97 65 85
96 57 89
86 60 87
96 56 83
94 47 84
93 64 88
92 53 87
89 56 87
93 58 88
90 60 88
87 58 85
87 57 89
87 53 92
87 57 90
89 54 93
94 59 86
88 54 85
86 53 83
94 44 93
87 65 85
95 58 84
92 53 90
108 71 103
97 73 101
95 71 95
103 67 102
101 61 93
101 69 103
96 66 100
88 61 95
97 64 93
93 64 99
104 66 102
101 74 97
93 59 87
94 53 84
85 53 90
93 67 92
85 55 79
85 55 83
95 64 86
90 54 91
91 56 86
84 54 83
91 45 84
88 59 86
86 57 87
88 54 89
82 56 94
90 56 83
81 52 87
91 54 82
95 60 84
98 61 82
90 58 82
85 53 90
85 55 79
85 55 83
92 55 82
90 54 91
84 54 83
94 60 91
91 45 84
86 57 87
88 54 89
92 58 89
82 56 94
81 52 87
91 60 93
91 54 82
84 55 88
83 57 94
101 61 80
88 51 81
92 66 98
97 61 88
99 65 87
102 61 90
90 62 92
98 61 89
94 61 95
92 60 92
90 59 88
90 56 89
89 61 94
88 55 89
88 63 94
104 68 94
93 62 87
91 63 91
87 62 107
90 61 86
95 57 85
102 55 89
106 62 87
93 64 94
86 66 90
95 59 89
90 55 86
94 55 85
90 58 99
96 62 87
99 60 91
88 55 87
83 57 84
86 57 87
92 52 83
85 55 83
88 55 89
95 54 86
84 63 92
88 56 84
100 66 101
96 56 88
87 54 94
99 66 89
88 60 110
98 57 87
94 63 84
92 53 85
94 56 87
88 63 85
95 54 85
89 57 84
93 58 85
87 59 86
98 59 91
100 61 96
88 55 94
90 55 83
94 59 92
93 53 86
92 53 86
93 57 88
102 55 82
99 54 85
86 56 85
91 53 88
97 50 84
91 59 88
82 54 85
97 50 84
92 52 86
98 54 85
101 56 83
98 54 83
86 52 85
91 57 85
87 54 95
93 53 86
82 56 85
98 60 95
87 53 89
87 54 83
97 61 81
84 53 83
94 54 82
105 62 85
78 59 97
83 67 96
77 62 89
92 68 95
83 67 91
80 52 96
81 64 93
82 63 92
91 62 90
85 64 93
85 65 91
82 65 91
85 63 88
82 61 93
78 61 91
79 62 94
76 57 89
76 56 88
81 56 93
82 56 90
76 57 91
82 60 91
79 60 91
78 56 89
80 60 85
86 57 87
82 57 87
84 59 86
78 62 89
76 57 89
77 55 85
78 54 85
82 55 86
77 54 84
76 53 86
78 57 88
78 79 86
80 62 89
77 59 91
80 59 89
82 62 88
77 53 89
82 54 88
79 56 88
79 55 90
78 55 91
78 55 91
80 59 86
89 57 83
94 50 86
84 71 98
81 70 97
79 64 93
81 62 90
83 60 95
91 62 90
84 60 94
82 59 89
84 58 88
104 62 92
84 58 92
77 56 90
84 61 88
82 61 98
87 58 88
87 62 96
82 60 91
83 57 87
99 76 95
76 56 90
84 54 88
73 64 91
86 60 93
89 51 95
86 62 94
90 54 96
84 55 95
85 57 94
86 66 92
82 55 95
87 57 88
90 52 95
89 55 92
91 58 96
89 60 82
86 57 91
88 55 90
83 56 89
81 56 88
81 52 88
80 57 89
77 57 91
81 53 92
84 51 88
79 56 86
78 52 86
82 55 89
87 51 89
89 57 86
82 54 86
80 53 87
79 62 88
90 64 87
80 58 89
87 54 89
84 60 95
80 55 84
86 54 89
82 55 86
91 55 89
88 59 89
84 59 85
85 52 83
83 52 84
87 57 89
87 53 86
81 56 92
79 50 87
94 62 85
81 56 89
77 59 93
70 56 91
72 57 93
82 58 89
72 60 90
75 53 89
77 59 95
79 58 90
75 58 93
78 58 91
81 53 84
73 52 88
67 57 90
71 59 87
80 59 97
73 71 99
67 60 96
81 58 90
71 58 93
83 70 109
76 61 95
69 60 92
84 70 95
73 59 91
71 56 90
91 59 90
87 61 87
82 59 90
88 57 86
76 55 96
82 58 89
81 57 93
82 58 90
79 51 84
86 55 93
83 55 91
72 56 91
79 51 90
85 59 91
81 57 99
79 57 89
74 46 91
77 61 92
80 62 86
79 50 87
93 58 90
83 61 91
87 59 93
70 53 91
73 59 92
82 54 93
74 59 92
78 59 96
72 54 92
94 57 81
81 59 93
78 61 87
76 55 87
75 58 87
87 51 96
80 57 84
75 53 93
76 55 81
85 54 85
78 55 83
95 57 86
81 49 87
89 58 82
84 58 85
80 54 87
81 55 80
75 46 81
76 54 90
76 56 84
77 47 86
83 54 93
77 58 86
79 55 90
73 55 81
73 56 86
68 52 84
72 54 89
72 57 83
93 53 87
103 55 98
82 66 93
69 61 93
90 64 90
93 55 84
73 57 84
76 53 92
81 57 97
85 52 86
79 58 86
75 55 87
94 49 112
71 59 84
74 57 89
71 56 88
71 56 86
82 66 98
80 58 91
81 59 92
93 59 91
91 58 87
69 57 87
70 53 84
72 51 81
75 41 83
71 54 82
74 52 79
72 55 81
74 51 80
72 54 85
74 53 80
74 52 84
83 53 79
74 49 82
75 51 82
79 53 81
82 51 81
73 49 77
84 50 71
76 53 81
75 58 83
68 54 83
77 57 83
90 50 82
71 52 80
78 55 80
77 51 77
84 49 77
78 60 94
72 59 86
68 56 84
70 49 84
103 70 93
96 62 87
101 60 89
88 53 94
76 55 89
74 55 85
81 60 81
80 56 85
94 59 87
78 51 85
77 52 83
75 53 84
89 59 96
75 54 87
86 55 87
85 55 84
83 54 93
73 52 86
73 53 84
74 56 85
77 54 84
77 54 87
73 53 83
88 54 92
72 52 83
75 52 86
71 50 83
85 69 97
93 62 95
94 64 95
89 60 90
85 58 86
94 53 83
86 63 87
102 64 93
83 63 90
76 54 88
78 58 94
74 52 84
107 59 92
81 63 88
83 61 102
77 59 86
80 56 90
95 62 92
95 56 86
89 59 82
85 56 90
94 57 89
88 59 96
81 64 92
87 40 73
77 54 85
73 54 86
80 56 84
77 52 79
77 54 84
84 47 81
80 53 79
73 45 83
75 54 81
78 53 79
82 53 79
82 54 81
83 53 75
76 52 81
82 53 80
80 52 83
75 51 82
80 53 83
83 51 91
82 52 74
88 54 88
89 60 86
87 63 90
88 60 88
81 54 84
81 63 89
86 64 93
81 56 91
79 57 97
86 65 88
77 58 92
81 54 91
84 53 92
88 61 93
94 66 90
97 73 106
92 68 95
98 68 101
98 65 101
95 65 95
91 61 102
92 62 99
92 64 101
92 61 97
94 60 95
87 64 92
109 64 98
92 69 102
97 56 99
78 55 96
86 61 91
93 63 95
83 54 87
96 55 91
89 61 90
88 55 93
91 63 87
90 63 94
85 59 92
90 61 93
96 61 100
96 65 93
94 59 94
93 54 108
84 56 87
94 56 95
88 57 93
88 57 89
